PassengerId,Transported
0013_01,True
0018_01,False
0019_01,False
0021_01,True
0023_01,True
0027_01,False
0029_01,True
0032_01,True
0032_02,True
0033_01,True
0037_01,False
0040_01,False
0040_02,False
0042_01,True
0046_01,False
0046_02,False
0046_03,False
0047_01,True
0047_02,True
0047_03,False
0048_01,True
0049_01,False
0054_01,False
0054_02,True
0054_03,False
0055_01,True
0057_01,True
0059_01,True
0060_01,False
0063_01,True
0065_01,False
0075_01,False
0079_01,False
0080_01,False
0083_01,False
0087_01,False
0089_01,False
0093_01,False
0094_01,True
0094_02,False
0095_01,False
0096_01,False
0100_01,True
0100_02,True
0104_01,False
0106_01,False
0109_01,False
0117_01,True
0118_01,False
0121_01,False
0124_01,False
0125_01,True
0125_02,True
0130_01,True
0131_01,True
0132_01,True
0135_01,False
0137_01,False
0142_01,False
0142_02,False
0142_03,False
0143_01,False
0145_01,False
0150_01,False
0150_02,True
0153_01,False
0154_01,False
0155_01,False
0156_01,True
0157_01,False
0158_01,False
0158_02,True
0159_01,False
0161_01,False
0162_01,False
0166_01,True
0168_01,True
0175_01,False
0175_02,True
0175_03,True
0175_04,False
0175_05,False
0176_01,False
0180_01,False
0184_01,True
0185_01,True
0187_01,True
0191_01,False
0194_01,True
0194_02,True
0194_03,True
0204_01,False
0208_01,False
0209_01,True
0214_01,False
0214_02,True
0215_01,False
0218_01,False
0226_01,True
0227_01,False
0228_01,True
0228_02,False
0228_03,True
0228_04,False
0230_01,True
0230_02,False
0235_01,False
0236_01,True
0238_01,False
0247_01,True
0247_02,True
0249_01,False
0256_01,False
0259_01,True
0262_01,False
0264_01,True
0264_02,True
0264_03,True
0266_01,False
0266_02,False
0268_01,True
0268_02,False
0271_01,False
0272_01,False
0273_01,True
0273_02,True
0273_03,False
0274_01,False
0274_02,True
0276_01,True
0276_02,False
0279_01,False
0280_01,False
0284_01,True
0292_01,False
0293_01,True
0295_01,False
0296_01,True
0299_01,True
0300_01,False
0308_01,True
0311_01,True
0312_01,True
0317_01,False
0318_01,True
0319_01,True
0319_02,True
0323_01,True
0325_01,True
0328_01,False
0329_01,True
0332_01,True
0335_01,True
0339_01,False
0339_02,False
0339_03,False
0339_04,False
0339_05,True
0339_06,False
0339_07,False
0339_08,False
0342_01,True
0342_02,True
0344_01,True
0344_02,False
0349_01,False
0349_02,True
0349_03,False
0349_04,True
0349_05,True
0349_06,True
0351_01,False
0353_01,True
0353_02,True
0354_01,False
0362_01,False
0363_01,False
0363_02,False
0363_03,False
0364_01,True
0364_02,True
0366_01,True
0367_01,False
0374_01,False
0374_02,False
0386_01,False
0390_01,True
0393_01,True
0394_01,True
0399_01,True
0400_01,True
0404_01,True
0406_01,False
0414_01,False
0416_01,False
0418_01,False
0419_01,True
0419_02,True
0419_03,False
0420_01,True
0421_01,True
0422_01,False
0424_01,True
0426_01,False
0440_01,False
0443_01,False
0450_01,False
0451_01,True
0455_01,True
0464_01,True
0467_01,True
0467_02,True
0467_03,True
0467_04,True
0469_01,True
0473_01,False
0478_01,True
0478_02,True
0479_01,True
0483_01,True
0483_02,True
0484_01,True
0486_01,False
0489_01,False
0489_02,True
0491_01,False
0492_01,False
0493_01,False
0494_01,True
0494_02,False
0495_01,True
0495_02,True
0495_03,True
0495_04,True
0495_05,True
0495_06,True
0496_01,True
0496_02,True
0497_01,True
0505_01,False
0508_01,True
0509_01,True
0511_01,False
0514_01,True
0524_01,False
0526_01,True
0530_01,True
0530_02,True
0530_03,True
0532_01,False
0532_02,True
0535_01,False
0536_01,False
0536_02,False
0541_01,True
0543_01,True
0544_01,True
0554_01,False
0557_01,True
0557_02,True
0558_01,False
0562_01,True
0562_02,False
0574_01,True
0578_01,True
0578_02,False
0584_01,False
0584_02,False
0592_01,True
0595_01,True
0601_01,False
0604_01,True
0605_01,False
0606_01,True
0613_01,False
0613_02,True
0616_01,True
0617_01,True
0620_01,True
0620_02,False
0620_03,True
0621_01,False
0622_01,False
0624_01,True
0625_01,False
0625_02,True
0625_03,False
0626_01,True
0626_02,True
0626_03,True
0627_01,True
0632_01,False
0632_02,False
0632_03,False
0640_01,True
0640_02,True
0648_01,True
0648_02,False
0649_01,False
0651_01,True
0652_01,False
0652_02,False
0652_03,False
0652_04,False
0652_05,False
0654_01,False
0662_01,False
0666_01,True
0666_02,False
0667_01,False
0670_01,True
0670_02,False
0673_01,True
0675_01,True
0676_01,False
0681_01,True
0692_01,False
0694_01,False
0695_01,False
0698_01,False
0700_01,False
0706_01,True
0708_01,True
0708_02,True
0711_01,True
0716_01,True
0717_01,True
0717_02,True
0717_03,True
0717_04,True
0717_05,True
0717_06,False
0717_07,True
0720_01,True
0720_02,True
0720_03,True
0721_01,False
0722_01,True
0723_01,False
0725_01,True
0730_01,False
0731_01,False
0731_02,False
0735_01,True
0739_01,False
0741_01,False
0742_01,False
0742_02,True
0744_01,False
0745_01,False
0747_01,False
0748_01,True
0748_02,False
0749_01,False
0751_01,False
0752_01,True
0755_01,False
0758_01,True
0758_02,False
0758_03,False
0759_01,True
0759_02,False
0759_03,False
0760_01,False
0763_01,True
0763_02,False
0766_01,True
0774_01,True
0774_02,False
0774_03,False
0775_01,True
0775_02,True
0775_03,True
0775_04,False
0775_05,False
0775_06,True
0778_01,True
0778_02,True
0780_01,False
0783_01,False
0792_01,True
0800_01,False
0801_01,True
0803_01,True
0804_01,True
0807_01,False
0810_01,False
0812_01,False
0814_01,False
0821_01,False
0827_01,True
0827_02,True
0827_03,True
0831_01,False
0832_01,True
0837_01,True
0837_02,True
0838_01,False
0838_02,False
0841_01,False
0842_01,True
0843_01,False
0844_01,True
0847_01,True
0852_01,True
0854_01,False
0855_01,False
0856_01,False
0857_01,True
0858_01,False
0858_02,True
0861_01,False
0862_01,False
0864_01,False
0864_02,True
0864_03,True
0866_01,True
0872_01,False
0880_01,True
0880_02,True
0882_01,True
0884_01,False
0884_02,False
0886_01,False
0886_02,True
0886_03,True
0887_01,False
0887_02,False
0888_01,False
0888_02,False
0891_01,True
0892_01,False
0892_02,False
0892_03,True
0894_01,True
0895_01,False
0896_01,False
0897_01,True
0897_02,True
0900_01,True
0908_01,True
0909_01,False
0909_02,True
0909_03,True
0914_01,True
0916_01,False
0917_01,True
0920_01,False
0929_01,False
0934_01,False
0936_01,False
0937_01,True
0943_01,True
0943_02,True
0943_03,False
0945_01,False
0945_02,True
0948_01,False
0950_01,True
0954_01,False
0958_01,False
0959_01,True
0962_01,True
0963_01,True
0967_01,False
0973_01,False
0974_01,False
0977_01,False
0980_01,False
0981_01,False
0981_02,False
0986_01,False
0986_02,True
0996_01,False
0999_01,True
0999_02,False
1003_01,False
1007_01,False
1009_01,False
1010_01,True
1016_01,False
1021_01,False
1023_01,False
1028_01,True
1037_01,True
1039_01,False
1042_01,True
1044_01,True
1050_01,True
1055_01,True
1059_01,True
1059_02,True
1061_01,True
1064_01,True
1064_02,True
1067_01,False
1069_01,True
1070_01,True
1072_01,True
1072_02,True
1072_03,True
1072_04,True
1072_05,False
1072_06,True
1072_07,True
1072_08,True
1073_01,False
1074_01,False
1074_02,True
1081_01,True
1087_01,True
1090_01,True
1090_02,False
1092_01,True
1098_01,False
1101_01,False
1103_01,False
1104_01,False
1106_01,True
1106_02,True
1107_01,False
1109_01,False
1111_01,True
1111_02,False
1111_03,True
1118_01,False
1118_02,True
1118_03,True
1118_04,True
1118_05,True
1119_01,False
1119_02,True
1120_01,True
1122_01,True
1124_01,False
1124_02,True
1124_03,False
1125_01,False
1125_02,False
1126_01,False
1128_01,True
1128_02,False
1131_01,True
1135_01,True
1135_02,True
1135_03,False
1135_04,True
1137_01,False
1137_02,True
1138_01,True
1139_01,False
1143_01,False
1145_01,True
1145_02,False
1145_03,False
1145_04,True
1151_01,True
1157_01,False
1158_01,False
1158_02,True
1159_01,True
1159_02,True
1159_03,True
1160_01,True
1164_01,False
1171_01,False
1172_01,True
1176_01,False
1181_01,True
1183_01,True
1183_02,True
1183_03,True
1184_01,True
1184_02,False
1189_01,False
1194_01,True
1196_01,True
1196_02,False
1200_01,True
1201_01,True
1201_02,True
1202_01,True
1204_01,True
1205_01,False
1207_01,True
1207_02,False
1207_03,True
1207_04,False
1209_01,True
1209_02,False
1217_01,True
1217_02,True
1219_01,False
1219_02,True
1224_01,True
1224_02,False
1226_01,False
1226_02,False
1227_01,True
1237_01,False
1241_01,False
1244_01,False
1245_01,True
1247_01,True
1249_01,False
1251_01,True
1252_01,False
1253_01,False
1257_01,True
1257_02,True
1257_03,True
1257_04,True
1262_01,True
1262_02,False
1265_01,False
1266_01,False
1268_01,True
1270_01,True
1272_01,True
1275_01,True
1276_01,False
1277_01,False
1290_01,False
1296_01,False
1297_01,True
1298_01,False
1301_01,True
1301_02,False
1301_03,False
1303_01,True
1305_01,False
1313_01,False
1314_01,False
1315_01,False
1318_01,True
1319_01,True
1319_02,False
1320_01,False
1320_02,True
1320_03,False
1321_01,True
1321_02,True
1321_03,False
1321_04,False
1327_01,False
1329_01,False
1334_01,False
1338_01,True
1338_02,True
1339_01,False
1341_01,False
1341_02,False
1341_03,False
1343_01,True
1343_02,True
1343_03,False
1344_01,False
1346_01,False
1349_01,True
1349_02,True
1354_01,True
1354_02,True
1354_03,True
1354_04,True
1354_05,True
1354_06,False
1354_07,False
1358_01,True
1358_02,False
1359_01,False
1361_01,False
1361_02,False
1363_01,False
1364_01,False
1364_02,False
1367_01,False
1369_01,False
1369_02,True
1369_03,True
1372_01,False
1373_01,True
1374_01,True
1388_01,False
1392_01,True
1394_01,False
1396_01,False
1405_01,False
1409_01,False
1409_02,False
1411_01,True
1418_01,True
1422_01,False
1422_02,False
1422_03,False
1429_01,True
1432_01,False
1432_02,False
1436_01,True
1437_01,False
1441_01,False
1446_01,False
1448_01,False
1449_01,False
1456_01,False
1459_01,False
1464_01,False
1466_01,True
1468_01,False
1469_01,False
1469_02,False
1470_01,False
1471_01,True
1471_02,False
1471_03,False
1471_04,False
1471_05,True
1472_01,False
1473_01,False
1473_02,False
1475_01,False
1476_01,False
1477_01,False
1477_02,False
1480_01,True
1482_01,False
1483_01,True
1486_01,False
1487_01,True
1487_02,True
1492_01,True
1492_02,True
1494_01,False
1495_01,False
1495_02,True
1496_01,False
1497_01,True
1497_02,True
1502_01,False
1502_02,True
1502_03,True
1502_04,True
1504_01,False
1505_01,False
1508_01,False
1512_01,False
1513_01,True
1514_01,True
1516_01,False
1517_01,True
1518_01,True
1518_02,False
1519_01,False
1522_01,True
1530_01,False
1534_01,False
1534_02,False
1535_01,False
1537_01,True
1538_01,True
1538_02,False
1546_01,False
1549_01,False
1553_01,True
1553_02,False
1554_01,True
1554_02,True
1556_01,True
1557_01,True
1559_01,True
1559_02,True
1563_01,False
1566_01,True
1570_01,False
1571_01,True
1574_01,False
1575_01,True
1582_01,True
1582_02,True
1583_01,True
1586_01,False
1587_01,False
1587_02,False
1589_01,False
1591_01,False
1591_02,True
1598_01,False
1598_02,False
1600_01,False
1605_01,False
1607_01,True
1609_01,True
1610_01,True
1616_01,True
1618_01,False
1620_01,False
1623_01,True
1627_01,False
1629_01,True
1629_02,True
1629_03,True
1629_04,True
1629_05,True
1629_06,True
1639_01,False
1641_01,False
1642_01,False
1643_01,True
1648_01,False
1652_01,False
1654_01,False
1664_01,False
1665_01,True
1665_02,False
1667_01,False
1675_01,False
1678_01,False
1679_01,False
1680_01,False
1680_02,True
1683_01,False
1684_01,False
1686_01,False
1689_01,True
1689_02,True
1689_03,True
1692_01,False
1693_01,True
1701_01,False
1702_01,False
1703_01,True
1706_01,False
1707_01,False
1716_01,False
1720_01,False
1722_01,False
1726_01,False
1726_02,True
1726_03,False
1732_01,False
1735_01,False
1737_01,False
1741_01,True
1741_02,True
1741_03,True
1743_01,False
1744_01,True
1750_01,True
1751_01,True
1751_02,True
1754_01,True
1756_01,False
1759_01,False
1765_01,True
1773_01,False
1777_01,False
1777_02,True
1780_01,True
1784_01,False
1787_01,False
1788_01,True
1789_01,False
1790_01,True
1790_02,False
1791_01,True
1791_02,True
1793_01,False
1793_02,True
1794_01,False
1795_01,False
1801_01,True
1801_02,False
1809_01,False
1814_01,False
1814_02,False
1814_03,False
1815_01,True
1819_01,False
1820_01,True
1824_01,True
1825_01,False
1825_02,False
1830_01,False
1832_01,False
1835_01,False
1835_02,True
1837_01,True
1838_01,True
1839_01,True
1840_01,False
1842_01,True
1845_01,False
1851_01,True
1851_02,True
1852_01,True
1852_02,False
1852_03,False
1852_04,True
1858_01,True
1862_01,False
1862_02,False
1862_03,False
1867_01,True
1869_01,False
1870_01,False
1875_01,True
1876_01,True
1883_01,False
1885_01,False
1893_01,True
1894_01,True
1895_01,False
1896_01,False
1900_01,True
1904_01,True
1909_01,True
1909_02,True
1909_03,True
1910_01,True
1910_02,True
1910_03,True
1910_04,False
1912_01,False
1913_01,True
1913_02,True
1913_03,False
1914_01,True
1917_01,False
1919_01,False
1921_01,True
1921_02,True
1924_01,False
1929_01,False
1930_01,False
1932_01,False
1934_01,False
1936_01,False
1943_01,False
1944_01,False
1948_01,False
1948_02,True
1949_01,True
1951_01,True
1951_02,False
1954_01,False
1955_01,False
1958_01,False
1965_01,False
1966_01,False
1970_01,False
1972_01,False
1982_01,False
1986_01,True
1987_01,True
1989_01,True
1990_01,True
1990_02,True
1998_01,True
2002_01,False
2004_01,False
2005_01,False
2005_02,False
2008_01,False
2014_01,True
2016_01,True
2016_02,False
2017_01,False
2017_02,False
2018_01,False
2020_01,True
2021_01,False
2023_01,True
2023_02,False
2023_03,True
2025_01,True
2030_01,False
2031_01,False
2033_01,False
2035_01,False
2035_02,True
2036_01,True
2036_02,True
2036_03,True
2037_01,False
2037_02,True
2039_01,True
2039_02,True
2039_03,True
2047_01,False
2048_01,True
2049_01,False
2050_01,False
2057_01,True
2057_02,True
2057_03,False
2057_04,True
2057_05,True
2058_01,False
2064_01,True
2068_01,True
2068_02,True
2068_03,True
2068_04,False
2068_05,True
2069_01,False
2072_01,False
2072_02,False
2076_01,True
2077_01,True
2078_01,False
2079_01,False
2079_02,False
2079_03,False
2093_01,False
2098_01,False
2101_01,True
2101_02,True
2103_01,False
2108_01,False
2108_02,False
2109_01,False
2113_01,False
2119_01,False
2119_02,True
2122_01,True
2132_01,True
2146_01,True
2146_02,True
2151_01,False
2155_01,False
2157_01,False
2160_01,False
2160_02,True
2160_03,True
2165_01,True
2166_01,True
2169_01,False
2170_01,False
2174_01,False
2176_01,True
2178_01,False
2181_01,False
2184_01,True
2184_02,True
2185_01,True
2192_01,True
2197_01,False
2199_01,False
2208_01,True
2213_01,True
2214_01,True
2216_01,False
2217_01,True
2218_01,False
2222_01,True
2226_01,False
2227_01,True
2230_01,False
2236_01,True
2240_01,True
2240_02,False
2240_03,True
2242_01,True
2244_01,True
2245_01,True
2245_02,True
2246_01,True
2246_02,False
2247_01,False
2248_01,False
2249_01,True
2250_01,False
2259_01,True
2259_02,False
2260_01,False
2265_01,False
2271_01,True
2276_01,False
2276_02,False
2283_01,False
2285_01,False
2286_01,False
2290_01,True
2292_01,True
2293_01,False
2294_01,True
2297_01,False
2304_01,False
2307_01,True
2307_02,True
2307_03,True
2307_04,False
2307_05,True
2322_01,False
2323_01,False
2324_01,True
2326_01,True
2328_01,False
2330_01,False
2331_01,True
2334_01,False
2335_01,True
2337_01,False
2342_01,False
2343_01,False
2343_02,True
2344_01,True
2344_02,True
2346_01,False
2350_01,True
2350_02,True
2350_03,True
2351_01,False
2351_02,False
2352_01,True
2354_01,False
2355_01,True
2355_02,False
2355_03,True
2355_04,True
2358_01,False
2359_01,False
2362_01,False
2370_01,True
2370_02,True
2370_03,False
2370_04,True
2371_01,True
2372_01,False
2378_01,False
2378_02,False
2380_01,True
2380_02,True
2381_01,False
2383_01,False
2383_02,False
2386_01,True
2388_01,False
2388_02,True
2393_01,False
2394_01,False
2394_02,True
2394_03,False
2400_01,False
2405_01,False
2407_01,True
2408_01,False
2415_01,False
2418_01,False
2420_01,False
2422_01,False
2422_02,True
2425_01,False
2425_02,True
2425_03,False
2425_04,False
2425_05,False
2425_06,True
2428_01,False
2430_01,False
2430_02,False
2430_03,False
2434_01,True
2434_02,False
2437_01,False
2440_01,True
2447_01,False
2448_01,True
2448_02,False
2450_01,False
2459_01,True
2464_01,False
2465_01,True
2468_01,True
2469_01,True
2469_02,False
2473_01,False
2481_01,False
2481_02,False
2482_01,True
2482_02,True
2484_01,True
2484_02,False
2485_01,False
2487_01,True
2487_02,True
2487_03,False
2490_01,False
2493_01,True
2493_02,False
2494_01,True
2494_02,False
2495_01,False
2501_01,True
2504_01,False
2507_01,True
2511_01,True
2514_01,False
2517_01,True
2525_01,False
2529_01,True
2533_01,True
2536_01,True
2538_01,True
2538_02,True
2539_01,False
2543_01,True
2554_01,False
2556_01,False
2563_01,True
2566_01,False
2567_01,False
2567_02,False
2568_01,False
2569_01,False
2570_01,True
2575_01,False
2576_01,True
2577_01,False
2577_02,False
2579_01,False
2583_01,True
2585_01,True
2586_01,False
2587_01,False
2587_02,True
2600_01,True
2603_01,True
2603_02,True
2604_01,True
2608_01,True
2610_01,False
2611_01,False
2612_01,False
2613_01,False
2614_01,True
2615_01,True
2620_01,True
2621_01,True
2623_01,False
2630_01,False
2630_02,False
2630_03,False
2632_01,False
2637_01,False
2637_02,False
2637_03,False
2639_01,True
2644_01,False
2653_01,True
2654_01,False
2656_01,True
2665_01,True
2667_01,False
2667_02,True
2667_03,False
2667_04,True
2667_05,True
2669_01,True
2673_01,True
2674_01,False
2674_02,True
2680_01,False
2681_01,False
2686_01,False
2689_01,False
2694_01,True
2694_02,True
2696_01,True
2699_01,False
2705_01,True
2710_01,True
2710_02,False
2711_01,False
2715_01,False
2715_02,False
2716_01,False
2716_02,True
2719_01,False
2719_02,True
2719_03,False
2728_01,True
2731_01,True
2733_01,False
2735_01,True
2742_01,False
2744_01,True
2749_01,False
2757_01,False
2761_01,False
2761_02,True
2766_01,True
2767_01,False
2771_01,False
2775_01,True
2776_01,False
2777_01,False
2779_01,True
2782_01,False
2791_01,False
2794_01,False
2794_02,False
2794_03,True
2794_04,False
2794_05,False
2794_06,True
2794_07,False
2800_01,False
2803_01,True
2804_01,True
2808_01,True
2808_02,True
2815_01,False
2815_02,False
2815_03,False
2816_01,False
2827_01,True
2828_01,True
2829_01,True
2830_01,True
2833_01,True
2836_01,True
2841_01,False
2842_01,True
2844_01,False
2845_01,True
2845_02,True
2848_01,True
2848_02,True
2848_03,True
2849_01,False
2850_01,True
2850_02,True
2850_03,True
2850_04,True
2851_01,False
2855_01,True
2864_01,False
2868_01,False
2868_02,False
2868_03,True
2868_04,True
2874_01,False
2879_01,False
2885_01,False
2886_01,True
2889_01,False
2895_01,True
2896_01,False
2898_01,True
2898_02,True
2903_01,True
2904_01,False
2904_02,True
2911_01,True
2914_01,True
2915_01,True
2916_01,True
2917_01,False
2918_01,True
2921_01,False
2922_01,True
2923_01,True
2924_01,False
2931_01,False
2931_02,False
2932_01,True
2933_01,False
2937_01,True
2939_01,True
2946_01,True
2946_02,False
2946_03,False
2946_04,False
2947_01,False
2951_01,False
2952_01,False
2955_01,False
2957_01,False
2963_01,False
2967_01,True
2973_01,False
2974_01,False
2976_01,False
2976_02,True
2976_03,True
2976_04,False
2977_01,False
2977_02,False
2977_03,False
2978_01,True
2980_01,False
2981_01,True
2985_01,False
2987_01,False
2989_01,False
2991_01,False
2997_01,False
2997_02,False
2997_03,True
2997_04,True
2999_01,False
3002_01,False
3007_01,False
3008_01,True
3008_02,True
3008_03,True
3008_04,True
3008_05,True
3008_06,True
3011_01,True
3016_01,False
3016_02,True
3016_03,False
3016_04,False
3017_01,True
3028_01,True
3031_01,True
3035_01,False
3037_01,True
3037_02,True
3041_01,True
3043_01,True
3046_01,True
3049_01,True
3051_01,False
3052_01,False
3056_01,True
3057_01,False
3058_01,True
3059_01,True
3069_01,False
3072_01,False
3074_01,True
3075_01,False
3077_01,True
3077_02,False
3078_01,False
3078_02,False
3078_03,True
3078_04,False
3086_01,True
3089_01,True
3094_01,True
3097_01,True
3098_01,False
3101_01,False
3105_01,True
3105_02,True
3105_03,True
3106_01,False
3107_01,True
3108_01,False
3109_01,True
3115_01,False
3122_01,False
3122_02,False
3125_01,False
3125_02,False
3127_01,True
3129_01,False
3135_01,True
3137_01,False
3139_01,False
3141_01,True
3144_01,False
3146_01,False
3148_01,False
3148_02,False
3150_01,False
3151_01,True
3153_01,False
3153_02,False
3154_01,True
3155_01,False
3155_02,True
3156_01,False
3157_01,False
3160_01,True
3165_01,False
3167_01,True
3170_01,False
3173_01,False
3177_01,False
3178_01,False
3183_01,False
3186_01,True
3187_01,False
3190_01,True
3190_02,True
3194_01,False
3198_01,False
3199_01,True
3202_01,False
3207_01,False
3208_01,True
3214_01,True
3222_01,False
3226_01,True
3228_01,True
3231_01,False
3233_01,True
3234_01,False
3242_01,True
3244_01,True
3244_02,True
3244_03,True
3245_01,False
3245_02,False
3246_01,True
3249_01,False
3249_02,True
3250_01,True
3251_01,False
3257_01,False
3261_01,True
3263_01,True
3264_01,False
3265_01,True
3265_02,True
3265_03,True
3265_04,True
3266_01,True
3267_01,False
3277_01,False
3278_01,True
3281_01,True
3285_01,False
3285_02,False
3286_01,False
3288_01,True
3290_01,True
3290_02,False
3291_01,True
3302_01,False
3303_01,False
3306_01,True
3307_01,True
3316_01,True
3320_01,False
3320_02,False
3321_01,True
3333_01,True
3334_01,False
3335_01,False
3340_01,True
3341_01,True
3341_02,False
3344_01,True
3344_02,True
3345_01,False
3345_02,False
3345_03,False
3346_01,False
3347_01,True
3347_02,True
3351_01,False
3351_02,True
3354_01,True
3355_01,False
3356_01,False
3358_01,False
3362_01,False
3362_02,False
3366_01,True
3367_01,True
3368_01,False
3368_02,False
3368_03,True
3368_04,True
3368_05,True
3368_06,True
3368_07,False
3369_01,True
3373_01,False
3374_01,True
3375_01,False
3376_01,True
3378_01,True
3379_01,False
3385_01,False
3388_01,True
3393_01,True
3398_01,False
3399_01,False
3400_01,True
3407_01,False
3407_02,False
3411_01,False
3411_02,False
3411_03,True
3411_04,False
3411_05,True
3411_06,True
3411_07,False
3414_01,False
3416_01,False
3427_01,False
3429_01,False
3435_01,False
3436_01,True
3448_01,False
3448_02,True
3451_01,False
3452_01,False
3457_01,True
3460_01,False
3463_01,False
3466_01,True
3471_01,False
3472_01,False
3477_01,False
3477_02,True
3479_01,False
3481_01,False
3482_01,False
3482_02,True
3493_01,True
3494_01,True
3494_02,True
3498_01,False
3500_01,False
3502_01,False
3503_01,True
3505_01,False
3507_01,True
3508_01,True
3508_02,True
3509_01,True
3509_02,True
3510_01,True
3513_01,True
3513_02,True
3513_03,True
3513_04,True
3516_01,False
3517_01,True
3522_01,True
3524_01,False
3526_01,True
3529_01,True
3532_01,False
3538_01,True
3541_01,False
3544_01,False
3544_02,False
3545_01,False
3549_01,False
3549_02,True
3551_01,False
3554_01,False
3557_01,False
3571_01,False
3574_01,False
3575_01,True
3580_01,True
3580_02,False
3581_01,True
3583_01,False
3585_01,True
3587_01,False
3587_02,False
3587_03,False
3589_01,False
3589_02,False
3589_03,False
3589_04,True
3589_05,False
3589_06,True
3589_07,False
3590_01,False
3593_01,True
3599_01,False
3601_01,True
3601_02,True
3601_03,True
3601_04,False
3601_05,True
3601_06,True
3601_07,True
3603_01,False
3603_02,True
3604_01,False
3611_01,False
3617_01,False
3617_02,True
3617_03,False
3618_01,False
3618_02,True
3618_03,True
3618_04,False
3621_01,False
3621_02,False
3623_01,True
3627_01,True
3632_01,False
3633_01,True
3635_01,True
3635_02,False
3637_01,True
3638_01,True
3643_01,False
3646_01,True
3646_02,True
3649_01,False
3651_01,False
3656_01,True
3656_02,True
3657_01,True
3657_02,True
3657_03,True
3659_01,True
3659_02,False
3659_03,True
3659_04,True
3659_05,False
3659_06,True
3659_07,True
3661_01,False
3663_01,True
3666_01,True
3669_01,True
3670_01,True
3672_01,False
3672_02,True
3673_01,False
3675_01,True
3675_02,False
3675_03,False
3676_01,True
3683_01,True
3683_02,True
3684_01,False
3684_02,True
3685_01,False
3687_01,True
3689_01,True
3694_01,True
3695_01,True
3696_01,False
3697_01,False
3698_01,True
3701_01,False
3701_02,False
3701_03,False
3709_01,True
3712_01,True
3712_02,True
3712_03,True
3712_04,True
3712_05,True
3717_01,False
3717_02,True
3718_01,True
3720_01,True
3720_02,False
3720_03,False
3721_01,False
3722_01,False
3723_01,False
3725_01,True
3727_01,False
3730_01,True
3731_01,True
3738_01,False
3740_01,False
3746_01,True
3746_02,False
3746_03,True
3746_04,True
3762_01,True
3763_01,True
3764_01,True
3764_02,True
3766_01,True
3766_02,True
3780_01,False
3782_01,False
3782_02,False
3791_01,True
3792_01,False
3794_01,True
3799_01,False
3800_01,False
3802_01,False
3806_01,True
3808_01,True
3809_01,False
3809_02,False
3813_01,False
3819_01,True
3825_01,False
3827_01,False
3828_01,True
3828_02,True
3828_03,True
3829_01,False
3829_02,False
3833_01,True
3834_01,True
3837_01,True
3840_01,False
3843_01,False
3844_01,False
3844_02,True
3845_01,False
3855_01,True
3858_01,True
3858_02,True
3858_03,True
3858_04,True
3859_01,False
3860_01,True
3861_01,False
3863_01,True
3865_01,False
3869_01,True
3876_01,True
3876_02,True
3876_03,False
3877_01,False
3878_01,True
3880_01,True
3881_01,True
3882_01,True
3884_01,False
3885_01,False
3887_01,True
3889_01,True
3889_02,True
3891_01,False
3892_01,True
3892_02,False
3893_01,False
3893_02,True
3893_03,False
3900_01,True
3901_01,False
3902_01,True
3905_01,True
3906_01,False
3906_02,False
3908_01,False
3908_02,False
3910_01,True
3914_01,False
3918_01,False
3920_01,False
3925_01,False
3925_02,True
3929_01,False
3934_01,True
3934_02,True
3943_01,False
3943_02,True
3943_03,False
3947_01,False
3951_01,True
3953_01,True
3956_01,False
3957_01,True
3965_01,False
3969_01,True
3972_01,True
3975_01,False
3978_01,True
3979_01,False
3982_01,False
3983_01,False
3989_01,True
3989_02,True
3989_03,True
3989_04,True
3990_01,False
3993_01,False
4004_01,False
4007_01,True
4011_01,True
4012_01,True
4012_02,False
4015_01,True
4015_02,False
4024_01,True
4025_01,True
4028_01,False
4029_01,True
4041_01,True
4048_01,True
4048_02,True
4048_03,True
4051_01,True
4052_01,True
4054_01,True
4054_02,True
4054_03,True
4056_01,False
4057_01,False
4059_01,True
4059_02,True
4062_01,True
4067_01,True
4070_01,True
4070_02,True
4070_03,True
4073_01,False
4073_02,False
4074_01,False
4077_01,True
4085_01,True
4086_01,False
4086_02,True
4086_03,False
4087_01,False
4088_01,False
4092_01,False
4094_01,True
4094_02,True
4100_01,True
4105_01,True
4111_01,False
4117_01,False
4118_01,True
4119_01,True
4121_01,True
4122_01,False
4123_01,False
4124_01,True
4126_01,False
4133_01,True
4133_02,True
4136_01,False
4136_02,False
4138_01,True
4139_01,False
4146_01,False
4148_01,False
4153_01,False
4155_01,True
4157_01,False
4161_01,True
4162_01,True
4164_01,True
4180_01,True
4180_02,True
4187_01,False
4190_01,False
4192_01,False
4193_01,True
4195_01,True
4198_01,True
4200_01,False
4201_01,False
4202_01,True
4202_02,True
4209_01,True
4217_01,False
4224_01,False
4224_02,False
4226_01,True
4226_02,False
4227_01,False
4228_01,False
4234_01,True
4234_02,False
4235_01,False
4235_02,True
4236_01,True
4236_02,True
4241_01,False
4247_01,True
4247_02,False
4248_01,False
4248_02,True
4250_01,True
4263_01,False
4263_02,True
4263_03,True
4265_01,True
4268_01,True
4268_02,True
4269_01,False
4275_01,False
4276_01,False
4277_01,True
4279_01,True
4281_01,False
4282_01,True
4283_01,False
4284_01,True
4284_02,False
4285_01,True
4286_01,True
4286_02,False
4286_03,True
4287_01,False
4288_01,False
4288_02,False
4290_01,True
4298_01,True
4298_02,True
4298_03,True
4299_01,False
4304_01,True
4307_01,True
4308_01,False
4310_01,False
4313_01,False
4314_01,True
4321_01,True
4322_01,True
4323_01,True
4323_02,True
4323_03,True
4323_04,True
4325_01,False
4326_01,False
4328_01,True
4331_01,True
4341_01,False
4341_02,False
4342_01,False
4353_01,False
4355_01,True
4363_01,False
4374_01,False
4375_01,False
4377_01,True
4377_02,False
4377_03,True
4378_01,False
4378_02,False
4379_01,True
4380_01,False
4381_01,True
4381_02,False
4384_01,True
4385_01,False
4385_02,True
4385_03,True
4389_01,True
4394_01,False
4398_01,False
4406_01,False
4412_01,False
4414_01,True
4417_01,True
4418_01,True
4419_01,True
4419_02,True
4420_01,False
4420_02,True
4421_01,False
4423_01,False
4425_01,True
4425_02,True
4434_01,True
4435_01,True
4435_02,True
4439_01,True
4439_02,True
4442_01,True
4443_01,False
4443_02,True
4454_01,False
4455_01,True
4455_02,False
4455_03,True
4458_01,False
4460_01,True
4468_01,False
4471_01,False
4478_01,True
4480_01,False
4481_01,True
4484_01,False
4488_01,False
4489_01,False
4495_01,True
4499_01,False
4503_01,False
4504_01,True
4507_01,True
4513_01,True
4519_01,False
4520_01,True
4523_01,True
4523_02,False
4523_03,False
4523_04,False
4523_05,True
4523_06,True
4525_01,False
4526_01,False
4527_01,True
4528_01,True
4536_01,False
4540_01,True
4541_01,True
4545_01,True
4548_01,True
4551_01,False
4551_02,False
4551_03,False
4551_04,False
4554_01,False
4556_01,False
4566_01,False
4578_01,False
4579_01,True
4582_01,False
4582_02,True
4582_03,True
4582_04,True
4582_05,False
4582_06,True
4582_07,False
4583_01,False
4583_02,True
4583_03,False
4584_01,True
4588_01,True
4589_01,False
4590_01,False
4598_01,True
4599_01,False
4600_01,True
4600_02,True
4601_01,True
4614_01,True
4614_02,False
4616_01,False
4618_01,False
4619_01,False
4626_01,True
4626_02,True
4627_01,False
4629_01,True
4636_01,False
4639_01,True
4639_02,True
4639_03,True
4639_04,True
4639_05,True
4639_06,True
4647_01,True
4660_01,False
4666_01,True
4669_01,True
4670_01,False
4671_01,True
4671_02,True
4671_03,True
4671_04,True
4674_01,False
4675_01,True
4675_02,True
4681_01,True
4682_01,True
4683_01,True
4683_02,False
4685_01,True
4687_01,False
4688_01,False
4692_01,False
4697_01,False
4698_01,True
4700_01,True
4701_01,True
4701_02,True
4701_03,True
4701_04,True
4702_01,True
4702_02,False
4703_01,False
4703_02,False
4705_01,True
4705_02,False
4707_01,False
4707_02,False
4715_01,True
4716_01,False
4718_01,True
4722_01,False
4724_01,True
4727_01,False
4727_02,False
4729_01,True
4731_01,False
4734_01,False
4735_01,True
4736_01,True
4737_01,True
4740_01,True
4742_01,False
4745_01,True
4747_01,True
4747_02,True
4749_01,True
4751_01,False
4760_01,False
4761_01,False
4761_02,False
4761_03,False
4765_01,True
4766_01,False
4767_01,True
4768_01,False
4768_02,False
4771_01,False
4776_01,False
4776_02,False
4776_03,True
4776_04,True
4779_01,False
4781_01,True
4789_01,True
4799_01,False
4799_02,True
4799_03,False
4800_01,False
4802_01,True
4802_02,False
4805_01,False
4806_01,True
4809_01,False
4811_01,True
4812_01,True
4816_01,False
4820_01,True
4820_02,True
4821_01,True
4824_01,True
4825_01,True
4826_01,True
4833_01,True
4833_02,False
4834_01,False
4835_01,False
4839_01,False
4843_01,True
4843_02,False
4844_01,True
4849_01,True
4852_01,False
4854_01,False
4855_01,True
4855_02,True
4858_01,False
4859_01,True
4860_01,False
4861_01,False
4865_01,False
4867_01,True
4869_01,False
4872_01,True
4877_01,True
4894_01,True
4905_01,True
4906_01,True
4907_01,True
4908_01,False
4914_01,True
4919_01,True
4921_01,True
4922_01,False
4926_01,False
4928_01,True
4931_01,True
4935_01,False
4935_02,False
4935_03,False
4936_01,False
4947_01,False
4948_01,True
4949_01,True
4949_02,False
4953_01,True
4955_01,False
4957_01,False
4959_01,True
4960_01,False
4962_01,False
4966_01,True
4966_02,True
4967_01,False
4968_01,True
4969_01,False
4969_02,False
4971_01,False
4976_01,False
4982_01,False
4984_01,True
4984_02,False
4985_01,True
4986_01,True
4988_01,True
4993_01,True
4994_01,False
5001_01,True
5002_01,False
5011_01,True
5022_01,False
5024_01,True
5024_02,True
5024_03,True
5024_04,True
5024_05,True
5026_01,False
5029_01,True
5029_02,True
5030_01,True
5031_01,False
5031_02,True
5033_01,True
5033_02,True
5037_01,False
5038_01,False
5038_02,True
5041_01,False
5043_01,True
5043_02,True
5043_03,False
5045_01,True
5046_01,True
5047_01,True
5049_01,False
5053_01,False
5054_01,False
5055_01,False
5056_01,False
5056_02,False
5066_01,False
5071_01,True
5075_01,True
5077_01,False
5078_01,False
5079_01,True
5081_01,True
5082_01,False
5086_01,True
5086_02,False
5092_01,True
5094_01,True
5094_02,False
5096_01,True
5096_02,False
5098_01,True
5098_02,True
5098_03,True
5099_01,False
5100_01,True
5101_01,True
5102_01,False
5107_01,False
5110_01,True
5113_01,False
5114_01,False
5117_01,False
5118_01,True
5119_01,False
5121_01,False
5123_01,False
5131_01,True
5131_02,True
5134_01,False
5135_01,False
5139_01,False
5141_01,True
5143_01,True
5147_01,True
5149_01,True
5149_02,True
5150_01,False
5153_01,True
5155_01,False
5159_01,True
5159_02,True
5164_01,True
5164_02,True
5168_01,False
5169_01,False
5172_01,False
5178_01,False
5183_01,True
5189_01,False
5191_01,False
5195_01,True
5200_01,False
5203_01,False
5203_02,True
5212_01,False
5215_01,False
5219_01,True
5219_02,True
5222_01,True
5228_01,False
5228_02,True
5231_01,True
5232_01,False
5232_02,False
5233_01,False
5237_01,True
5241_01,False
5241_02,True
5245_01,False
5259_01,False
5261_01,False
5263_01,True
5267_01,True
5267_02,True
5267_03,True
5270_01,True
5283_01,False
5284_01,True
5285_01,True
5286_01,False
5289_01,True
5293_01,False
5293_02,False
5294_01,True
5295_01,False
5296_01,True
5302_01,True
5306_01,False
5306_02,True
5308_01,True
5308_02,False
5308_03,True
5309_01,True
5311_01,True
5317_01,True
5317_02,True
5318_01,True
5318_02,True
5319_01,True
5321_01,False
5324_01,True
5328_01,True
5329_01,False
5329_02,True
5329_03,True
5329_04,True
5329_05,False
5329_06,True
5329_07,True
5332_01,True
5335_01,True
5335_02,True
5335_03,False
5335_04,False
5336_01,True
5338_01,True
5339_01,False
5339_02,True
5339_03,True
5342_01,False
5349_01,True
5352_01,True
5357_01,True
5357_02,True
5357_03,True
5357_04,False
5358_01,True
5364_01,False
5369_01,False
5369_02,False
5369_03,True
5370_01,True
5371_01,False
5371_02,False
5371_03,True
5371_04,False
5373_01,True
5376_01,True
5376_02,True
5377_01,True
5381_01,False
5382_01,True
5382_02,True
5386_01,True
5391_01,True
5393_01,False
5398_01,True
5399_01,True
5400_01,False
5403_01,False
5405_01,False
5407_01,False
5409_01,False
5417_01,True
5419_01,False
5426_01,False
5428_01,False
5428_02,False
5429_01,False
5432_01,True
5433_01,True
5439_01,True
5442_01,False
5444_01,True
5448_01,False
5449_01,False
5456_01,True
5460_01,True
5461_01,True
5464_01,False
5473_01,True
5473_02,False
5481_01,True
5482_01,False
5482_02,True
5486_01,True
5493_01,True
5495_01,True
5498_01,False
5498_02,True
5502_01,True
5503_01,False
5505_01,False
5505_02,False
5505_03,False
5513_01,True
5513_02,False
5513_03,False
5513_04,True
5516_01,False
5518_01,True
5519_01,True
5525_01,True
5532_01,True
5533_01,True
5534_01,True
5542_01,True
5547_01,True
5548_01,True
5549_01,True
5553_01,True
5553_02,False
5554_01,False
5558_01,False
5562_01,True
5562_02,False
5564_01,True
5565_01,False
5567_01,True
5570_01,False
5576_01,True
5577_01,True
5577_02,True
5577_03,False
5577_04,True
5577_05,True
5579_01,True
5584_01,True
5584_02,True
5588_01,False
5588_02,True
5588_03,True
5588_04,False
5588_05,True
5590_01,False
5593_01,False
5597_01,False
5600_01,True
5604_01,True
5605_01,True
5607_01,False
5612_01,True
5617_01,False
5620_01,False
5620_02,False
5621_01,False
5624_01,True
5630_01,False
5632_01,False
5633_01,False
5634_01,False
5635_01,False
5636_01,False
5638_01,True
5641_01,True
5649_01,True
5654_01,False
5656_01,False
5657_01,False
5658_01,True
5660_01,True
5664_01,False
5664_02,False
5664_03,False
5664_04,False
5665_01,False
5666_01,True
5668_01,True
5669_01,True
5670_01,True
5672_01,False
5675_01,True
5676_01,False
5678_01,False
5678_02,True
5682_01,True
5683_01,True
5690_01,False
5691_01,False
5694_01,True
5697_01,True
5699_01,True
5703_01,True
5708_01,True
5715_01,True
5715_02,True
5720_01,True
5720_02,True
5731_01,False
5731_02,True
5734_01,True
5734_02,False
5741_01,False
5743_01,False
5745_01,True
5749_01,False
5752_01,False
5753_01,False
5754_01,False
5759_01,True
5760_01,False
5762_01,False
5766_01,False
5770_01,True
5774_01,False
5775_01,True
5782_01,False
5782_02,True
5782_03,True
5782_04,True
5784_01,True
5787_01,False
5787_02,False
5787_03,False
5789_01,False
5789_02,True
5797_01,True
5798_01,False
5801_01,False
5803_01,False
5805_01,True
5807_01,False
5815_01,True
5815_02,False
5815_03,True
5815_04,False
5830_01,False
5832_01,False
5833_01,False
5838_01,False
5841_01,False
5841_02,True
5841_03,True
5845_01,True
5850_01,True
5851_01,True
5851_02,True
5853_01,False
5862_01,True
5864_01,False
5865_01,False
5866_01,False
5870_01,False
5872_01,True
5873_01,False
5873_02,True
5873_03,False
5881_01,True
5883_01,True
5884_01,False
5892_01,False
5893_01,False
5893_02,False
5895_01,False
5896_01,True
5899_01,False
5904_01,True
5904_02,False
5910_01,False
5911_01,False
5911_02,False
5911_03,False
5911_04,False
5911_05,True
5911_06,True
5914_01,True
5917_01,True
5918_01,True
5926_01,False
5929_01,True
5932_01,False
5935_01,False
5936_01,True
5936_02,True
5936_03,True
5936_04,True
5936_05,True
5937_01,True
5940_01,False
5942_01,True
5942_02,True
5943_01,False
5948_01,False
5958_01,False
5961_01,True
5961_02,True
5962_01,True
5964_01,True
5964_02,False
5966_01,True
5966_02,True
5978_01,False
5978_02,False
5979_01,True
5982_01,True
5996_01,True
5997_01,True
5997_02,False
6002_01,True
6005_01,True
6005_02,True
6005_03,False
6005_04,False
6005_05,False
6009_01,False
6009_02,False
6012_01,False
6013_01,True
6018_01,False
6021_01,True
6023_01,False
6037_01,False
6044_01,False
6044_02,False
6046_01,True
6050_01,False
6051_01,True
6051_02,False
6053_01,False
6056_01,True
6057_01,False
6060_01,True
6063_01,True
6072_01,False
6074_01,False
6074_02,True
6074_03,True
6078_01,True
6079_01,False
6081_01,True
6081_02,False
6081_03,False
6081_04,True
6083_01,False
6084_01,True
6088_01,True
6089_01,True
6093_01,True
6097_01,True
6100_01,False
6104_01,False
6113_01,False
6114_01,False
6119_01,True
6119_02,False
6119_03,False
6125_01,False
6129_01,True
6131_01,False
6134_01,True
6140_01,False
6142_01,True
6142_02,False
6144_01,True
6147_01,False
6151_01,False
6151_02,True
6154_01,False
6159_01,False
6160_01,False
6160_02,True
6161_01,True
6164_01,True
6165_01,True
6177_01,False
6183_01,False
6185_01,False
6187_01,False
6188_01,True
6190_01,False
6193_01,True
6193_02,True
6193_03,False
6193_04,False
6195_01,False
6196_01,True
6197_01,False
6198_01,False
6202_01,True
6203_01,False
6204_01,True
6209_01,False
6209_02,True
6210_01,True
6212_01,False
6214_01,True
6217_01,False
6217_02,True
6221_01,True
6226_01,False
6231_01,True
6231_02,True
6231_03,True
6233_01,False
6233_02,False
6233_03,False
6235_01,True
6240_01,True
6242_01,True
6244_01,False
6244_02,True
6247_01,True
6255_01,True
6257_01,False
6257_02,False
6257_03,True
6258_01,True
6259_01,True
6260_01,False
6260_02,True
6261_01,False
6261_02,False
6267_01,False
6267_02,False
6267_03,True
6267_04,False
6267_05,True
6267_06,True
6269_01,True
6269_02,True
6269_03,True
6272_01,False
6272_02,True
6275_01,False
6278_01,True
6278_02,True
6284_01,True
6286_01,False
6286_02,True
6287_01,True
6287_02,False
6288_01,True
6288_02,True
6288_03,True
6288_04,True
6291_01,False
6294_01,True
6295_01,True
6295_02,True
6298_01,True
6303_01,False
6306_01,False
6307_01,False
6310_01,True
6311_01,False
6312_01,True
6312_02,False
6314_01,True
6329_01,True
6332_01,False
6332_02,False
6332_03,True
6332_04,False
6332_05,False
6332_06,True
6332_07,True
6332_08,False
6333_01,False
6336_01,True
6337_01,True
6342_01,False
6342_02,True
6345_01,False
6345_02,True
6350_01,False
6352_01,True
6352_02,True
6358_01,False
6358_02,False
6359_01,False
6362_01,False
6364_01,True
6375_01,False
6377_01,False
6379_01,False
6382_01,False
6383_01,True
6383_02,False
6383_03,True
6384_01,False
6386_01,True
6387_01,False
6389_01,False
6391_01,True
6391_02,True
6392_01,True
6393_01,False
6395_01,False
6401_01,True
6401_02,False
6403_01,False
6410_01,False
6410_02,False
6417_01,False
6420_01,False
6423_01,True
6425_01,True
6425_02,True
6426_01,False
6427_01,True
6429_01,True
6435_01,False
6438_01,True
6440_01,True
6441_01,False
6445_01,False
6460_01,False
6465_01,False
6466_01,False
6467_01,True
6469_01,True
6474_01,True
6476_01,False
6479_01,True
6479_02,True
6483_01,False
6484_01,False
6486_01,False
6491_01,False
6491_02,False
6491_03,True
6495_01,True
6496_01,False
6496_02,True
6497_01,False
6498_01,True
6499_01,False
6499_02,False
6499_03,False
6499_04,False
6499_05,False
6499_06,False
6499_07,False
6499_08,False
6504_01,False
6504_02,True
6505_01,False
6506_01,False
6506_02,True
6507_01,True
6515_01,True
6516_01,True
6516_02,True
6518_01,False
6519_01,False
6521_01,True
6524_01,False
6527_01,True
6528_01,True
6532_01,False
6533_01,True
6533_02,True
6534_01,True
6536_01,False
6537_01,False
6538_01,True
6542_01,True
6543_01,False
6550_01,False
6551_01,False
6554_01,False
6555_01,True
6559_01,False
6559_02,False
6559_03,True
6564_01,True
6564_02,True
6566_01,True
6571_01,False
6575_01,True
6576_01,False
6577_01,True
6577_02,False
6577_03,True
6579_01,True
6581_01,False
6584_01,True
6586_01,False
6587_01,True
6589_01,True
6596_01,True
6596_02,True
6597_01,True
6600_01,True
6600_02,False
6605_01,True
6605_02,True
6607_01,False
6610_01,False
6612_01,True
6612_02,False
6612_03,False
6612_04,True
6612_05,False
6612_06,True
6615_01,True
6617_01,True
6617_02,True
6617_03,True
6619_01,False
6627_01,True
6629_01,True
6632_01,False
6636_01,True
6640_01,True
6644_01,False
6648_01,False
6651_01,False
6653_01,True
6657_01,True
6658_01,True
6658_02,True
6658_03,False
6661_01,False
6666_01,False
6677_01,True
6678_01,True
6678_02,True
6679_01,False
6682_01,True
6682_02,True
6685_01,False
6686_01,False
6687_01,False
6688_01,False
6689_01,False
6689_02,False
6690_01,True
6695_01,True
6696_01,False
6700_01,False
6700_02,False
6701_01,True
6703_01,False
6704_01,False
6705_01,False
6710_01,True
6712_01,False
6714_01,False
6715_01,False
6716_01,False
6717_01,True
6723_01,False
6728_01,True
6732_01,False
6733_01,False
6735_01,False
6737_01,False
6738_01,False
6738_02,True
6740_01,False
6743_01,False
6752_01,False
6752_02,False
6752_03,False
6755_01,False
6759_01,False
6767_01,True
6767_02,False
6768_01,True
6769_01,False
6770_01,True
6770_02,True
6770_03,True
6771_01,False
6772_01,True
6772_02,False
6777_01,True
6781_01,True
6783_01,False
6785_01,False
6790_01,True
6791_01,True
6793_01,True
6793_02,True
6795_01,False
6797_01,False
6803_01,False
6804_01,False
6807_01,True
6807_02,False
6809_01,False
6811_01,True
6812_01,False
6812_02,True
6815_01,True
6819_01,False
6819_02,False
6819_03,True
6823_01,True
6828_01,True
6830_01,True
6835_01,True
6835_02,False
6836_01,False
6838_01,True
6838_02,True
6838_03,False
6842_01,True
6845_01,True
6846_01,False
6847_01,True
6849_01,True
6852_01,False
6852_02,False
6855_01,True
6856_01,False
6860_01,True
6867_01,False
6870_01,False
6872_01,False
6874_01,False
6875_01,False
6875_02,True
6875_03,False
6876_01,False
6876_02,True
6876_03,True
6877_01,False
6878_01,True
6881_01,False
6884_01,True
6886_01,True
6888_01,True
6888_02,True
6888_03,True
6888_04,True
6890_01,False
6897_01,False
6904_01,True
6904_02,False
6904_03,False
6909_01,True
6914_01,True
6916_01,True
6919_01,True
6922_01,False
6923_01,True
6927_01,True
6933_01,True
6933_02,False
6935_01,True
6936_01,False
6936_02,False
6936_03,False
6938_01,False
6941_01,True
6942_01,True
6948_01,True
6952_01,True
6953_01,False
6955_01,False
6956_01,False
6958_01,False
6959_01,False
6959_02,True
6959_03,True
6961_01,False
6961_02,False
6965_01,False
6969_01,False
6974_01,False
6975_01,True
6983_01,False
6983_02,False
6986_01,False
6986_02,False
6986_03,True
6986_04,True
6986_05,True
6986_06,False
6986_07,False
6986_08,False
6989_01,True
6993_01,False
7000_01,True
7003_01,False
7009_01,False
7009_02,False
7012_01,True
7023_01,False
7024_01,False
7030_01,False
7033_01,False
7035_01,False
7043_01,True
7046_01,False
7046_02,True
7046_03,False
7054_01,True
7054_02,True
7055_01,True
7063_01,True
7063_02,False
7064_01,True
7065_01,True
7066_01,False
7066_02,True
7067_01,False
7067_02,False
7067_03,False
7070_01,True
7075_01,False
7076_01,True
7081_01,True
7081_02,True
7100_01,True
7100_02,True
7101_01,True
7101_02,False
7102_01,True
7103_01,False
7103_02,False
7107_01,True
7108_01,False
7112_01,True
7115_01,True
7122_01,True
7123_01,False
7124_01,True
7124_02,True
7124_03,False
7125_01,False
7129_01,False
7130_01,True
7130_02,True
7130_03,True
7130_04,True
7130_05,True
7130_06,True
7130_07,False
7131_01,True
7135_01,True
7135_02,False
7135_03,True
7135_04,True
7136_01,True
7138_01,False
7139_01,False
7141_01,True
7145_01,False
7146_01,False
7147_01,True
7150_01,True
7150_02,False
7153_01,False
7154_01,False
7158_01,False
7163_01,True
7163_02,True
7163_03,False
7164_01,False
7169_01,False
7172_01,False
7172_02,False
7174_01,False
7178_01,True
7183_01,False
7185_01,True
7195_01,False
7196_01,True
7198_01,False
7201_01,True
7204_01,True
7209_01,True
7209_02,True
7211_01,True
7212_01,True
7213_01,True
7220_01,True
7222_01,True
7223_01,False
7228_01,False
7231_01,True
7237_01,True
7239_01,True
7241_01,True
7241_02,False
7243_01,False
7243_02,False
7243_03,False
7243_04,False
7243_05,False
7244_01,False
7245_01,True
7248_01,False
7248_02,True
7251_01,True
7254_01,False
7262_01,True
7263_01,False
7264_01,False
7265_01,True
7266_01,True
7266_02,False
7266_03,True
7269_01,False
7269_02,True
7272_01,True
7275_01,False
7281_01,True
7282_01,True
7286_01,False
7287_01,True
7288_01,False
7291_01,True
7293_01,False
7294_01,False
7295_01,True
7295_02,False
7299_01,False
7308_01,True
7312_01,False
7315_01,False
7316_01,True
7317_01,False
7318_01,False
7319_01,False
7319_02,False
7319_03,False
7325_01,False
7329_01,False
7329_02,True
7329_03,False
7333_01,False
7335_01,True
7345_01,False
7348_01,False
7348_02,False
7348_03,False
7349_01,False
7352_01,True
7354_01,True
7354_02,True
7354_03,False
7354_04,False
7354_05,True
7354_06,True
7355_01,True
7357_01,True
7362_01,False
7363_01,True
7364_01,True
7368_01,True
7369_01,False
7373_01,True
7373_02,True
7375_01,False
7378_01,False
7380_01,True
7380_02,True
7380_03,False
7380_04,True
7381_01,True
7382_01,True
7383_01,False
7383_02,False
7384_01,False
7386_01,True
7389_01,False
7397_01,True
7400_01,False
7404_01,True
7407_01,False
7409_01,False
7409_02,False
7412_01,False
7413_01,False
7413_02,False
7414_01,True
7415_01,False
7417_01,False
7417_02,False
7420_01,False
7421_01,True
7421_02,True
7423_01,True
7423_02,False
7424_01,False
7426_01,True
7426_02,False
7426_03,True
7433_01,True
7434_01,False
7439_01,False
7439_02,True
7440_01,False
7441_01,True
7443_01,True
7451_01,False
7454_01,False
7463_01,False
7465_01,False
7466_01,True
7467_01,False
7468_01,False
7469_01,False
7470_01,True
7471_01,True
7471_02,False
7473_01,False
7473_02,False
7474_01,False
7476_01,False
7480_01,False
7482_01,True
7482_02,True
7489_01,False
7489_02,False
7489_03,False
7491_01,False
7493_01,True
7497_01,False
7511_01,True
7516_01,False
7519_01,False
7526_01,True
7528_01,True
7528_02,False
7528_03,False
7528_04,True
7530_01,True
7530_02,True
7530_03,False
7530_04,False
7532_01,True
7537_01,False
7539_01,False
7539_02,False
7540_01,False
7541_01,True
7541_02,False
7541_03,False
7546_01,False
7547_01,False
7548_01,False
7551_01,False
7554_01,True
7555_01,False
7556_01,True
7556_02,True
7556_03,True
7556_04,False
7557_01,True
7557_02,False
7557_03,True
7558_01,False
7558_02,True
7562_01,False
7564_01,True
7566_01,True
7570_01,True
7570_02,True
7571_01,False
7575_01,False
7581_01,False
7582_01,False
7582_02,False
7582_03,True
7582_04,False
7582_05,True
7587_01,False
7589_01,True
7590_01,True
7591_01,False
7591_02,True
7593_01,True
7597_01,True
7597_02,True
7597_03,False
7597_04,False
7597_05,False
7597_06,True
7597_07,True
7600_01,True
7600_02,True
7602_01,True
7603_01,True
7607_01,False
7610_01,False
7610_02,False
7611_01,True
7611_02,True
7612_01,False
7612_02,False
7613_01,True
7615_01,False
7617_01,True
7619_01,False
7629_01,False
7629_02,False
7629_03,True
7636_01,False
7637_01,True
7637_02,False
7637_03,False
7638_01,True
7642_01,True
7645_01,False
7648_01,True
7651_01,True
7653_01,False
7654_01,True
7655_01,True
7657_01,False
7658_01,True
7659_01,False
7662_01,True
7663_01,True
7664_01,False
7668_01,True
7672_01,True
7673_01,False
7674_01,False
7675_01,False
7681_01,False
7685_01,True
7686_01,True
7695_01,True
7701_01,True
7704_01,True
7706_01,True
7718_01,False
7722_01,True
7725_01,True
7726_01,True
7730_01,False
7732_01,False
7733_01,False
7734_01,True
7735_01,False
7737_01,False
7740_01,False
7740_02,False
7745_01,True
7750_01,False
7756_01,False
7758_01,True
7759_01,False
7762_01,True
7765_01,False
7765_02,False
7765_03,False
7766_01,False
7772_01,False
7779_01,False
7781_01,False
7792_01,True
7792_02,True
7792_03,True
7792_04,False
7792_05,True
7794_01,True
7795_01,False
7795_02,False
7796_01,False
7798_01,False
7798_02,False
7799_01,True
7804_01,False
7807_01,True
7811_01,False
7814_01,False
7817_01,False
7819_01,True
7822_01,True
7823_01,True
7825_01,False
7825_02,True
7825_03,False
7826_01,False
7827_01,True
7836_01,False
7838_01,True
7844_01,True
7846_01,True
7846_02,True
7854_01,True
7855_01,False
7857_01,True
7860_01,False
7862_01,True
7867_01,True
7869_01,False
7874_01,False
7874_02,True
7876_01,False
7880_01,True
7880_02,False
7887_01,False
7893_01,True
7893_02,True
7893_03,True
7893_04,False
7893_05,True
7896_01,False
7898_01,False
7900_01,False
7906_01,False
7909_01,False
7909_02,False
7911_01,False
7912_01,False
7915_01,False
7915_02,False
7915_03,True
7917_01,True
7921_01,True
7921_02,False
7923_01,False
7925_01,True
7927_01,True
7927_02,True
7927_03,True
7928_01,False
7931_01,False
7932_01,False
7933_01,False
7934_01,True
7934_02,True
7934_03,True
7938_01,False
7942_01,False
7942_02,False
7948_01,False
7951_01,True
7953_01,False
7956_01,False
7959_01,True
7961_01,False
7963_01,True
7963_02,False
7963_03,True
7964_01,False
7965_01,True
7966_01,True
7969_01,True
7971_01,True
7971_02,False
7975_01,True
7977_01,False
7978_01,True
7978_02,True
7979_01,True
7980_01,False
7991_01,True
7991_02,False
7991_03,False
7991_04,True
7992_01,True
7997_01,True
7998_01,True
7998_02,True
7998_03,True
7998_04,True
8001_01,True
8002_01,False
8008_01,False
8009_01,True
8011_01,True
8013_01,True
8017_01,False
8022_01,True
8028_01,False
8033_01,False
8039_01,True
8039_02,True
8040_01,False
8041_01,True
8041_02,True
8044_01,True
8045_01,False
8047_01,True
8048_01,True
8051_01,True
8051_02,True
8061_01,False
8061_02,False
8062_01,False
8065_01,False
8070_01,False
8073_01,False
8074_01,False
8080_01,True
8090_01,True
8093_01,False
8095_01,False
8096_01,True
8099_01,False
8100_01,False
8101_01,True
8104_01,False
8109_01,False
8110_01,False
8111_01,False
8113_01,True
8113_02,False
8113_03,True
8113_04,False
8114_01,True
8125_01,True
8125_02,True
8126_01,False
8127_01,True
8132_01,False
8134_01,True
8142_01,True
8145_01,False
8146_01,True
8151_01,True
8154_01,False
8155_01,True
8160_01,False
8163_01,True
8166_01,False
8169_01,False
8170_01,True
8172_01,True
8174_01,False
8179_01,True
8180_01,True
8181_01,False
8181_02,True
8181_03,True
8183_01,True
8184_01,False
8185_01,False
8187_01,False
8188_01,False
8193_01,True
8195_01,True
8196_01,False
8196_02,True
8198_01,False
8201_01,True
8206_01,False
8215_01,True
8223_01,True
8228_01,True
8230_01,False
8234_01,True
8236_01,True
8240_01,True
8241_01,False
8245_01,True
8245_02,True
8246_01,True
8249_01,True
8250_01,False
8253_01,False
8256_01,True
8258_01,False
8262_01,False
8263_01,False
8269_01,True
8274_01,False
8278_01,True
8283_01,True
8284_01,False
8284_02,False
8285_01,False
8286_01,True
8290_01,False
8293_01,True
8296_01,True
8299_01,False
8304_01,False
8304_02,False
8304_03,False
8305_01,True
8305_02,True
8305_03,False
8308_01,False
8309_01,True
8311_01,False
8312_01,True
8325_01,True
8325_02,False
8327_01,False
8331_01,True
8337_01,False
8340_01,False
8340_02,True
8340_03,False
8347_01,True
8349_01,True
8350_01,True
8351_01,True
8352_01,False
8353_01,False
8355_01,True
8357_01,False
8357_02,True
8358_01,False
8359_01,False
8361_01,True
8361_02,True
8361_03,True
8361_04,True
8361_05,True
8364_01,True
8367_01,False
8370_01,True
8370_02,False
8372_01,True
8385_01,False
8385_02,True
8385_03,True
8387_01,True
8389_01,True
8391_01,True
8396_01,True
8399_01,False
8400_01,False
8400_02,True
8400_03,False
8402_01,True
8402_02,True
8402_03,False
8408_01,True
8408_02,False
8412_01,False
8413_01,True
8415_01,False
8417_01,False
8422_01,False
8424_01,False
8425_01,True
8425_02,True
8426_01,False
8426_02,False
8428_01,True
8434_01,True
8435_01,False
8436_01,False
8439_01,True
8440_01,False
8440_02,True
8440_03,True
8443_01,True
8443_02,True
8445_01,False
8445_02,False
8445_03,True
8446_01,False
8450_01,False
8450_02,False
8450_03,True
8453_01,False
8455_01,False
8461_01,True
8464_01,False
8464_02,False
8473_01,False
8473_02,False
8478_01,True
8478_02,False
8484_01,False
8485_01,False
8488_01,False
8490_01,False
8496_01,False
8497_01,False
8498_01,False
8499_01,True
8501_01,False
8505_01,False
8507_01,False
8510_01,False
8510_02,True
8513_01,False
8515_01,False
8517_01,True
8517_02,False
8518_01,True
8519_01,False
8520_01,True
8520_02,True
8525_01,True
8525_02,True
8526_01,True
8526_02,True
8527_01,True
8529_01,True
8531_01,True
8532_01,True
8533_01,False
8534_01,True
8534_02,True
8534_03,False
8534_04,False
8538_01,True
8543_01,True
8543_02,False
8543_03,False
8543_04,False
8543_05,True
8543_06,True
8543_07,False
8543_08,False
8546_01,False
8547_01,False
8550_01,False
8553_01,True
8555_01,True
8555_02,True
8555_03,True
8558_01,False
8562_01,False
8563_01,False
8564_01,False
8565_01,False
8565_02,False
8565_03,False
8567_01,True
8567_02,True
8567_03,True
8568_01,True
8568_02,True
8575_01,True
8576_01,True
8578_01,False
8579_01,False
8582_01,False
8583_01,True
8583_02,True
8590_01,False
8591_01,True
8593_01,False
8600_01,True
8601_01,False
8608_01,True
8621_01,True
8622_01,False
8625_01,False
8627_01,False
8630_01,False
8632_01,False
8632_02,False
8647_01,True
8648_01,False
8648_02,False
8648_03,True
8649_01,True
8651_01,False
8652_01,False
8655_01,False
8660_01,False
8662_01,True
8665_01,True
8666_01,False
8676_01,False
8677_01,False
8677_02,True
8677_03,True
8678_01,True
8678_02,True
8679_01,True
8682_01,True
8686_01,True
8689_01,True
8690_01,True
8690_02,False
8692_01,True
8692_02,False
8692_03,True
8697_01,True
8698_01,True
8699_01,False
8702_01,True
8705_01,False
8706_01,False
8707_01,False
8711_01,True
8713_01,True
8713_02,True
8715_01,False
8718_01,False
8724_01,True
8725_01,False
8726_01,True
8730_01,True
8731_01,True
8737_01,False
8738_01,False
8739_01,False
8740_01,True
8742_01,False
8745_01,False
8746_01,False
8747_01,True
8747_02,True
8748_01,False
8748_02,False
8756_01,False
8758_01,False
8758_02,False
8761_01,True
8763_01,False
8763_02,False
8763_03,True
8765_01,False
8767_01,True
8767_02,True
8768_01,True
8768_02,False
8768_03,False
8775_01,True
8777_01,False
8778_01,False
8778_02,True
8784_01,False
8788_01,False
8792_01,False
8793_01,True
8793_02,True
8793_03,True
8793_04,True
8793_05,False
8795_01,False
8800_01,True
8800_02,False
8800_03,True
8800_04,False
8800_05,True
8803_01,False
8804_01,False
8804_02,True
8804_03,True
8804_04,True
8804_05,False
8810_01,False
8814_01,True
8829_01,False
8832_01,True
8837_01,True
8839_01,False
8839_02,True
8846_01,True
8846_02,False
8847_01,False
8851_01,True
8855_01,False
8857_01,False
8859_01,False
8866_01,True
8870_01,True
8870_02,True
8873_01,True
8873_02,False
8873_03,True
8875_01,False
8875_02,True
8875_03,False
8877_01,False
8877_02,False
8879_01,False
8882_01,False
8887_01,False
8888_01,False
8893_01,True
8893_02,True
8895_01,False
8895_02,True
8898_01,False
8908_01,True
8909_01,True
8911_01,False
8912_01,False
8913_01,False
8913_02,True
8913_03,False
8914_01,True
8915_01,False
8916_01,False
8917_01,True
8921_01,True
8924_01,True
8925_01,True
8925_02,False
8925_03,False
8925_04,True
8925_05,False
8925_06,False
8927_01,False
8929_01,False
8931_01,False
8933_01,False
8934_01,False
8935_01,True
8936_01,False
8943_01,False
8946_01,False
8949_01,False
8950_01,False
8951_01,True
8952_01,True
8953_01,True
8957_01,False
8958_01,False
8960_01,True
8960_02,False
8960_03,False
8962_01,False
8963_01,True
8965_01,True
8971_01,True
8974_01,True
8979_01,False
8980_01,True
8980_02,True
8980_03,True
8980_04,False
8980_05,True
8980_06,True
8980_07,True
8984_01,False
8990_01,False
8991_01,True
8994_01,False
8994_02,True
8995_01,True
9000_01,False
9002_01,False
9005_01,True
9016_01,False
9016_02,True
9016_03,True
9016_04,True
9016_05,False
9017_01,False
9022_01,True
9022_02,True
9022_03,False
9025_01,False
9025_02,True
9027_01,True
9033_01,False
9039_01,True
9040_01,False
9044_01,True
9045_01,False
9045_02,False
9047_01,False
9050_01,False
9051_01,False
9053_01,False
9053_02,True
9054_01,False
9055_01,False
9056_01,False
9058_01,False
9062_01,False
9062_02,True
9063_01,True
9065_01,False
9067_01,False
9067_02,True
9070_01,False
9070_02,False
9082_01,False
9083_01,True
9083_02,False
9086_01,False
9086_02,False
9087_01,False
9088_01,True
9090_01,False
9091_01,True
9092_01,False
9093_01,True
9095_01,False
9096_01,True
9096_02,True
9100_01,False
9102_01,False
9105_01,False
9109_01,True
9113_01,False
9117_01,False
9121_01,False
9123_01,True
9133_01,False
9135_01,False
9138_01,False
9143_01,False
9143_02,False
9143_03,False
9146_01,True
9146_02,True
9146_03,True
9147_01,False
9153_01,False
9154_01,False
9155_01,False
9155_02,True
9155_03,True
9155_04,True
9162_01,False
9162_02,True
9162_03,True
9166_01,True
9171_01,True
9177_01,False
9177_02,True
9182_01,False
9187_01,False
9187_02,True
9191_01,False
9198_01,True
9200_01,True
9204_01,False
9206_01,True
9206_02,True
9206_03,True
9207_01,False
9209_01,True
9210_01,True
9212_01,False
9212_02,False
9214_01,False
9215_01,True
9216_01,True
9223_01,True
9223_02,True
9228_01,True
9229_01,False
9232_01,False
9236_01,False
9238_01,False
9238_02,True
9238_03,False
9238_04,False
9238_05,True
9238_06,True
9238_07,True
9240_01,True
9243_01,False
9245_01,True
9249_01,True
9255_01,True
9258_01,True
9260_01,True
9262_01,True
9263_01,False
9265_01,True
9266_01,True
9266_02,True
9269_01,False
9271_01,True
9273_01,True
9277_01,False
